0,0018,0,0305,0,9981,0,9991,-0,0357,-0,0373,-3,2291,3,4025
0,1204,0,0771,0,9736,0,9867,-0,0427,-0,0425,-3,1842,3,0557
-0,0159,0,0790,1,0116,1,0058,-0,0020,0,0064,-2,8767,3,2460
-0,0919,0,1172,0,9807,0,9903,0,0035,0,0159,-3,2728,3,4029
0,0149,0,2129,1,0392,1,0194,-0,0112,-0,0139,-3,6704,4,5120
0,0620,0,0958,0,9980,0,9990,0,0313,-0,0091,-3,4910,3,5993
-0,0354,-0,1450,1,0149,1,0074,-0,0015,0,0261,-3,2924,3,7056
-0,0876,-0,0052,1,0096,1,0048,0,0037,-0,0004,-3,3126,3,1240
0,0006,0,0695,1,0899,1,0440,0,0563,0,0648,-3,1693,3,1037
-0,0532,-0,0729,1,0079,1,0039,-0,0230,-0,0072,-3,4499,3,1429
-0,0066,0,1081,0,9529,0,9762,-0,0282,-0,0325,-2,9959,3,0344
0,0312,0,3030,1,0169,1,0084,-0,0450,-0,0748,-3,3295,3,8319
0,0095,0,0752,1,0236,1,0117,-0,0262,-0,0289,-3,4302,3,0037
0,1986,-0,0294,0,9347,0,9668,-0,0781,-0,0998,-2,9187,3,5559
-0,0189,0,1133,0,9862,0,9931,0,0282,0,0173,-3,4451,3,6968
0,0807,0,0160,1,0051,1,0026,0,0554,0,0343,-3,2299,3,6552
-0,0074,-0,0089,1,0010,1,0005,-0,0175,0,0155,-3,1229,3,4798
0,0422,0,0529,1,0446,1,0220,-0,0125,0,0023,-3,1050,3,9544
0,0729,-0,3132,1,0238,1,0118,-0,0243,-0,0727,-2,8351,2,8764
-0,1937,0,3199,1,0538,1,0265,0,0476,0,0789,-4,1458,3,6120
0,0800,-0,0019,1,0062,1,0031,0,0276,0,0296,-3,2182,3,5175
0,0007,-0,0514,0,9635,0,9816,-0,0864,-0,0712,-3,1367,3,1564
-0,0039,0,0499,0,9989,0,9994,-0,0213,-0,0425,-3,1508,3,0561
0,1305,-0,0959,1,0251,1,0125,0,0580,0,0547,-2,5356,3,5699
0,0452,-0,0121,0,9667,0,9832,0,0206,0,0314,-3,1574,3,5969
0,0369,-0,1736,1,0012,1,0006,0,0000,-0,0406,-2,9506,2,8816
0,0374,0,1790,0,9674,0,9836,0,0150,0,0090,-2,9068,3,3910
0,0221,-0,2254,0,9616,0,9806,-0,0261,-0,0039,-2,7904,2,6614
-0,0536,-0,0983,0,9732,0,9865,-0,0099,-0,0109,-3,3110,2,6313
0,0679,-0,0239,0,9920,0,9960,0,0059,-0,0279,-3,1182,3,3193
-0,1018,0,2631,1,0498,1,0246,0,0059,0,0074,-4,2238,3,3930
-0,1841,-0,1049,1,0484,1,0239,0,0681,0,1061,-3,2944,3,1299
0,0627,-0,2909,0,9250,0,9618,-0,0055,-0,0094,-2,6499,2,6813
0,0099,-0,0323,1,0362,1,0179,0,0335,0,0315,-3,0347,3,0915
0,0810,-0,1943,0,9992,0,9996,-0,0451,-0,0464,-3,1085,3,4955
0,0682,0,1473,0,9431,0,9711,-0,0032,-0,0134,-2,6045,3,4502
-0,0869,0,0596,1,0153,1,0076,-0,0575,-0,0380,-3,9198,3,5074
-0,0296,0,3427,1,0379,1,0188,0,0317,0,0349,-4,3060,3,3526
0,0377,0,0333,1,0058,1,0029,-0,0386,-0,0669,-3,2332,3,2129
0,0158,-0,1530,0,9414,0,9703,-0,0144,-0,0277,-3,1854,2,6691
-0,0434,-0,0445,1,0714,1,0351,0,0234,0,0411,-3,5777,3,3531
0,0141,0,0140,1,0547,1,0270,0,0182,0,0116,-2,9031,3,4736
0,0181,-0,1476,0,9756,0,9877,0,0213,-0,0147,-3,0999,3,2051
0,0218,-0,1455,0,9267,0,9626,-0,0288,-0,0220,-3,0067,3,0077
0,0401,-0,1192,1,0223,1,0111,-0,0194,-0,0113,-3,2727,3,1430
0,1014,0,1657,0,9928,0,9964,0,0125,-0,0145,-2,8842,3,5810
-0,1012,0,0401,0,9255,0,9620,-0,0655,-0,0341,-3,4331,2,7368
0,0241,0,0941,1,0269,1,0134,-0,0452,-0,0704,-3,3329,3,6267
0,1188,0,0375,0,9863,0,9931,0,0122,0,0085,-2,7894,3,1948
0,0502,-0,3268,1,0112,1,0056,0,0395,0,0447,-2,6655,3,0128
0,0707,-0,1944,1,1179,1,0573,0,0292,0,0087,-3,1591,3,6208
-0,0736,0,0176,1,0987,1,0482,-0,0274,0,0523,-3,5267,3,4275
0,1508,0,1107,0,9522,0,9758,0,0640,0,0588,-2,5654,3,6445
0,1064,-0,0094,1,0114,1,0057,0,0243,0,0275,-3,0859,3,7147
-0,0246,-0,1384,0,9957,0,9978,0,0144,0,0197,-2,9387,3,0445
-0,0115,0,0373,1,0406,1,0201,-0,0014,0,0034,-3,4508,3,7009
0,0828,0,0695,0,9549,0,9772,0,0157,0,0094,-2,6973,2,9142
-0,0077,-0,1682,0,9780,0,9889,0,0050,-0,0150,-3,2046,2,9037
0,1087,-0,2172,0,9204,0,9594,0,0042,0,0213,-2,5080,3,0284
0,0381,-0,0056,0,9600,0,9798,0,0258,0,0032,-3,2461,2,8281
-0,0401,-0,1174,1,0585,1,0288,-0,0595,-0,0166,-3,6426,3,0287
0,1065,-0,1265,0,9292,0,9640,-0,0127,-0,0680,-3,3089,2,7713
-0,0320,-0,1539,1,0276,1,0137,0,0091,0,0095,-3,2320,2,8777
0,1266,-0,1302,1,0340,1,0169,0,0046,-0,0262,-3,0315,2,9045
-0,0275,-0,2095,1,0253,1,0126,0,0415,0,0464,-3,3500,3,1946
-0,1785,0,3037,1,0197,1,0098,0,0185,0,0626,-4,4424,2,9268
-0,0328,-0,1297,0,9679,0,9838,0,0363,0,0694,-2,9202,3,2161
0,1168,0,0286,0,9790,0,9895,0,0031,-0,0195,-3,1996,3,7233
-0,1101,-0,1781,1,0312,1,0155,-0,0073,0,0006,-3,3086,2,7780
-0,0469,-0,0178,1,0014,1,0007,-0,0295,-0,0115,-3,6715,3,0935
-0,0110,0,0757,0,9894,0,9947,0,0150,0,0422,-2,8702,3,3591
0,0793,0,2112,1,0330,1,0164,-0,0238,-0,0342,-3,2679,3,8483
-0,0592,-0,0969,0,9765,0,9882,0,0208,0,0517,-2,8930,3,1526
0,2061,0,2912,1,0050,1,0025,-0,0620,-0,1087,-2,9826,4,4669
0,0309,0,0654,1,0221,1,0110,-0,0105,-0,0044,-3,4743,3,3868
0,0252,-0,1129,0,9810,0,9905,0,0054,0,0018,-3,5992,2,9712
-0,0051,-0,0461,0,9460,0,9726,0,0253,0,0328,-2,9255,3,4649
-0,0331,-0,0894,0,9268,0,9627,-0,0426,-0,0256,-3,3948,2,8968
-0,0161,0,0079,1,0337,1,0167,-0,0400,-0,0259,-3,0124,3,2520
0,0579,-0,1428,1,0185,1,0092,-0,0066,-0,0479,-3,3050,3,3285
0,0756,0,4588,1,0166,1,0083,0,0073,0,0337,-3,5153,3,7474
0,1671,0,0984,1,0270,1,0134,0,0487,-0,0139,-2,8820,3,8851
0,1207,0,2032,0,9427,0,9709,-0,0293,-0,0755,-3,2985,3,6295
0,0268,0,0626,1,0658,1,0324,0,0649,0,0334,-3,8394,3,5910
-0,0681,0,2087,1,0426,1,0211,0,0682,0,0848,-3,8196,3,2149
0,0079,-0,1656,1,0221,1,0110,-0,0070,-0,0192,-3,4472,3,0119
-0,0859,0,0224,1,0009,1,0005,-0,0429,-0,0418,-3,3322,3,1051
-0,1830,0,0572,1,0901,1,0441,-0,0259,-0,0017,-3,4490,3,4408
-0,0335,-0,1002,1,0493,1,0244,0,0395,0,0451,-3,5779,2,9755
0,0020,0,0125,1,0616,1,0304,0,0168,-0,0086,-3,2494,3,6997
-0,0606,-0,2830,0,9748,0,9873,0,0367,0,0325,-3,1723,2,5191
-0,0262,-0,2377,0,9941,0,9971,-0,0247,-0,0320,-2,8803,2,7404
0,0272,-0,0408,0,9972,0,9986,-0,0328,-0,0176,-2,9811,3,3695
-0,1380,-0,0754,1,0051,1,0025,0,0146,0,0089,-2,8722,3,1185
-0,0314,0,0267,1,0518,1,0256,0,0185,0,0104,-3,5988,3,1432
-0,1373,-0,0856,0,9814,0,9906,0,0299,0,0489,-3,4586,2,6551
0,0982,0,2377,1,0218,1,0108,0,0285,0,0017,-3,7550,3,3498
-0,0378,0,0640,0,9667,0,9832,-0,0413,-0,0265,-3,1387,3,3476
-0,0715,-0,1821,0,9240,0,9613,-0,0113,0,0255,-2,8891,2,9482
0,0277,-0,0323,0,9373,0,9681,-0,0395,-0,0336,-2,7059,3,3118
0,0160,0,0867,0,9571,0,9783,-0,0329,-0,0469,-3,5555,3,3067
-0,0738,0,0211,1,0064,1,0032,0,0122,0,0421,-3,2873,3,4330
-0,1496,0,1943,1,0275,1,0137,0,0581,0,0628,-3,4841,2,8897
-0,0707,-0,0060,0,9944,0,9972,0,0130,0,0568,-2,8360,3,7405
-0,0444,-0,2078,0,9967,0,9983,0,0244,0,0403,-2,8553,2,6107
0,0147,-0,0301,0,9701,0,9850,-0,0166,-0,0051,-2,9745,3,4244
-0,0867,-0,0407,1,0196,1,0097,0,0082,0,0411,-3,7804,3,1361
-0,0384,-0,1968,1,0149,1,0074,-0,0408,-0,0081,-3,4559,2,9403
-0,0526,-0,0310,1,0103,1,0051,0,0377,0,0016,-3,4165,2,6580
0,0934,-0,1207,0,9762,0,9880,-0,0210,-0,0221,-2,6419,2,8991
0,0797,0,1338,1,0242,1,0120,0,0310,0,0292,-2,9687,3,9666
-0,1104,0,0944,0,9451,0,9722,-0,0316,-0,0167,-3,5497,3,0815
-0,0315,0,0818,0,9939,0,9970,-0,0240,-0,0011,-3,0982,3,6013
-0,0684,-0,2017,1,0188,1,0093,0,0303,0,0190,-3,9143,3,1697
0,0649,0,0762,0,9506,0,9750,0,0326,0,0132,-3,0370,4,0340
-0,1138,-0,1247,0,9528,0,9761,0,0204,0,0829,-3,1309,3,2461
-0,0663,0,0175,0,9925,0,9963,-0,0118,0,0188,-2,9961,2,9967
-0,0246,0,1759,0,9698,0,9848,-0,0151,0,0237,-3,1384,3,3630
0,0080,-0,0974,1,0106,1,0053,0,0405,0,0249,-3,0641,3,2470
-0,0049,0,0703,1,0101,1,0051,-0,0085,0,0257,-3,0225,3,6537
-0,0436,-0,0028,0,9505,0,9750,-0,0041,0,0179,-3,2307,2,9268
-0,0379,0,1459,0,9497,0,9745,-0,0195,-0,0381,-3,3657,2,9775
-0,0390,-0,1498,1,0002,1,0001,0,0287,0,0207,-2,8544,3,4774
0,0328,-0,1152,1,0178,1,0089,0,0019,-0,0222,-3,6421,3,1974
0,0097,0,0029,0,9522,0,9758,-0,0048,-0,0183,-3,1508,3,0750
-0,0414,-0,0269,1,0326,1,0161,0,0371,0,0277,-4,0108,3,0217
-0,0692,0,0093,1,0117,1,0058,0,0032,-0,0036,-3,8043,2,8514
-0,1112,0,0135,0,9141,0,9561,0,0158,0,0502,-2,9585,2,7843
-0,1142,0,1146,1,0362,1,0179,0,0196,0,0266,-3,2200,3,6230
0,0736,0,0295,1,0021,1,0010,0,0877,0,0707,-2,7906,3,9451
0,0155,-0,0211,1,0079,1,0039,0,0398,0,0179,-2,8003,3,4346
0,0419,0,0301,1,0324,1,0161,0,0077,0,0213,-3,0593,3,6021
0,0245,0,1919,1,0838,1,0411,-0,0713,-0,0798,-3,4814,3,8396
-0,0088,0,0358,1,0617,1,0304,0,0307,0,0653,-3,4722,3,4411
-0,0871,0,0354,0,9923,0,9961,0,0605,0,1012,-2,9452,3,5631
-0,1878,0,2812,0,9741,0,9870,0,0330,0,0509,-3,9613,2,7770
-0,1136,0,0905,0,9702,0,9850,0,0088,0,0452,-3,4184,3,2268
-0,0498,-0,0110,1,0542,1,0267,-0,0645,-0,0299,-3,5717,2,8714
0,0609,-0,1156,0,9656,0,9826,-0,0511,-0,0852,-3,2183,3,1381
-0,0765,0,2093,1,0273,1,0135,-0,0059,-0,0267,-4,0111,3,6050
0,0158,0,2498,1,0249,1,0124,-0,0381,-0,0360,-4,2202,3,2580
0,0172,-0,2641,0,9408,0,9700,-0,0154,0,0143,-2,8086,2,7430
0,0492,0,3667,1,0348,1,0173,0,0274,0,0518,-3,5389,3,9528
-0,0660,-0,0584,0,9600,0,9798,-0,0191,-0,0228,-3,1832,2,7987
0,0907,0,1057,0,9471,0,9732,0,0071,-0,0032,-3,4998,3,2085
0,0766,0,0020,1,0632,1,0311,-0,0460,-0,0533,-3,1195,3,6663
0,0163,0,0589,0,8562,0,9253,0,0107,0,0119,-2,9305,3,8083
-0,0262,-0,0309,1,0353,1,0175,-0,0372,-0,0341,-3,5202,3,3727
-0,1287,-0,1509,0,9643,0,9820,0,0765,0,1404,-2,8658,3,1423
-0,1091,0,0728,0,9319,0,9653,-0,0030,-0,0086,-3,8070,3,2346
0,1137,0,1019,1,0102,1,0051,0,0334,-0,0130,-2,8234,3,5030
0,1021,-0,0906,0,9767,0,9883,0,0556,0,0439,-2,9550,3,5826
-0,0140,-0,1328,0,9629,0,9813,0,0591,0,0479,-2,7484,3,0138
-0,0885,0,2782,1,0411,1,0204,-0,0325,-0,0245,-3,6385,3,7821
0,0859,-0,0186,0,9841,0,9920,-0,0122,-0,0122,-3,1780,3,1333
0,0225,-0,0574,1,0206,1,0102,0,0200,0,0099,-2,9298,3,8978
0,1569,-0,0325,0,9530,0,9762,0,0098,-0,0163,-2,9949,3,5463
0,0272,-0,2575,0,9670,0,9834,0,0178,0,0195,-3,0455,3,2902
-0,1132,-0,1389,1,0174,1,0087,0,0129,0,0665,-3,1822,3,5363
0,0891,-0,0737,0,9318,0,9653,-0,0166,-0,0235,-3,0234,3,7323
0,0354,0,1636,0,9822,0,9911,0,0186,0,0255,-2,9441,3,2343
0,0121,-0,1375,0,9638,0,9818,0,0045,-0,0158,-2,9651,3,3433
-0,1370,0,2278,1,0042,1,0021,0,0314,0,0539,-4,2489,2,9330
0,0159,-0,0755,0,9776,0,9887,0,0550,0,0186,-3,2480,3,1326
-0,0725,-0,0855,0,9664,0,9830,-0,0134,-0,0037,-3,4908,3,0859
0,0938,-0,1315,0,9981,0,9990,0,0072,-0,0072,-2,7790,3,2988
-0,1000,0,1154,1,0031,1,0015,0,0243,0,0362,-3,5092,3,2796
-0,0224,0,0289,0,9392,0,9691,0,0087,0,0004,-3,1116,3,3389
0,0633,-0,0648,0,9544,0,9769,0,0126,-0,0224,-2,7611,3,1651
-0,0557,0,0039,0,9387,0,9689,0,0449,0,0490,-3,5309,3,1685
-0,1321,0,2664,1,0150,1,0075,-0,0493,-0,0306,-3,5801,3,0487
-0,0965,0,0664,0,9861,0,9930,0,0385,0,0800,-3,3658,3,0212
-0,0072,0,3648,1,0450,1,0222,-0,0310,-0,0433,-3,6126,3,6839
-0,0070,-0,1854,1,0353,1,0175,-0,0048,0,0179,-3,1238,3,3287
0,0039,0,1744,0,9444,0,9718,-0,0962,-0,0742,-3,0464,3,5697
0,0508,0,0421,1,0420,1,0208,-0,0018,-0,0095,-3,6077,3,2957
-0,0160,0,0000,1,0042,1,0021,-0,0009,-0,0004,-3,4170,3,2238
-0,1139,0,0679,0,9244,0,9615,-0,0144,0,0008,-3,1207,3,1304
-0,0569,0,0324,1,0203,1,0101,-0,0246,0,0354,-3,0962,2,9011
-0,0186,0,0686,0,9489,0,9741,0,0968,0,1145,-3,1138,3,7822
-0,1433,0,1138,1,0047,1,0024,-0,0350,-0,0139,-3,3931,2,7894
0,0364,-0,1474,0,9275,0,9631,-0,0391,-0,0374,-2,6303,3,2989
0,0275,0,1362,0,9165,0,9574,-0,0313,-0,0213,-2,9959,3,1649
-0,1008,-0,1237,0,9718,0,9858,0,0040,0,0199,-3,3207,2,5777
-0,0815,0,1621,1,0739,1,0363,-0,0223,-0,0514,-3,2718,3,8075
-0,1819,-0,0107,1,0538,1,0266,0,0246,0,0494,-3,4207,2,7601
0,0955,0,1246,0,9943,0,9971,-0,0227,-0,0402,-3,6670,3,3978
-0,0510,0,1424,1,0293,1,0146,-0,0045,-0,0183,-3,4834,3,3641
-0,0830,-0,0871,1,0245,1,0122,0,0072,0,0397,-3,2331,2,8904
0,0651,0,0850,0,9656,0,9826,-0,0226,-0,0554,-3,6081,3,0065
0,0280,0,2845,1,0417,1,0206,0,0164,-0,0069,-3,4903,3,6437
-0,1588,0,1007,0,9468,0,9730,-0,0164,0,0227,-3,3878,2,6613
-0,0527,0,1121,1,0563,1,0277,0,0020,0,0169,-3,3446,3,6799
0,0941,-0,2823,1,0171,1,0085,0,0053,-0,0169,-2,5639,3,2306
-0,0333,-0,1543,1,0159,1,0079,0,0283,0,0167,-3,0367,3,1086
-0,0017,0,1465,1,0040,1,0020,-0,0464,-0,0500,-3,6153,3,3057
0,0411,0,2249,1,0372,1,0184,-0,0210,-0,0227,-3,2616,3,6415
0,0431,-0,0311,1,0370,1,0183,0,0016,-0,0088,-3,2669,2,8683
-0,0379,-0,2422,1,0526,1,0260,0,0093,0,0308,-2,9776,3,7725
0,0667,-0,0821,1,0750,1,0368,0,0043,-0,0092,-3,2073,3,2206
-0,1369,0,1041,1,0256,1,0127,-0,0375,-0,0242,-3,6106,3,0330
0,0374,0,0705,0,9355,0,9672,-0,0575,-0,0507,-3,5560,3,0115
-0,0466,-0,2255,0,9614,0,9805,0,0247,0,0424,-3,1014,2,9498
-0,0570,-0,1621,1,0165,1,0082,-0,0194,0,0245,-3,2488,2,9267
-0,0236,-0,0217,0,9876,0,9938,-0,0184,-0,0163,-3,4579,3,2308
-0,0988,-0,0706,0,9666,0,9832,0,0289,0,0654,-3,3418,3,5233
-0,0177,0,0111,1,0404,1,0200,0,0108,0,0114,-3,2970,3,1212
-0,0667,-0,0181,1,0001,1,0001,-0,0127,-0,0206,-3,2140,3,2139
0,0004,0,1205,1,0000,1,0000,0,0266,0,0218,-3,6236,3,3597
0,0857,0,0981,1,0862,1,0422,-0,0365,-0,0364,-3,9437,3,4170
0,0705,0,0346,0,9870,0,9935,0,0547,0,0570,-2,8681,3,0821
0,0534,0,0841,0,9964,0,9982,0,0155,-0,0112,-3,2395,3,4538
-0,2080,0,1656,1,0631,1,0311,-0,0281,-0,0257,-3,6001,2,8163
0,1123,0,1150,0,9649,0,9823,-0,0685,-0,0995,-3,1730,3,4610
0,0888,0,1792,0,9656,0,9827,0,0432,0,0337,-3,2368,3,5212
-0,0320,0,0587,0,9622,0,9809,-0,0224,-0,0317,-3,1726,3,2754
-0,0432,0,1007,1,0208,1,0104,0,0574,0,0549,-4,0469,3,2331
-0,0152,0,0190,1,0109,1,0054,-0,0021,-0,0206,-3,4621,3,3836
0,1236,0,2338,1,0217,1,0108,-0,0105,-0,0138,-3,2978,3,7763
-0,1763,-0,0718,1,0127,1,0063,0,0522,0,0897,-3,1921,3,4654
0,0324,0,1018,0,9940,0,9970,-0,0534,-0,0755,-3,2606,3,5757
0,0412,-0,1102,0,9029,0,9502,0,0433,0,0084,-3,2061,3,4763
0,1370,0,2345,0,9941,0,9971,-0,0037,-0,0616,-3,3026,3,5704
0,0187,0,0414,1,0051,1,0025,0,0376,0,0211,-3,7253,3,2585
0,1336,0,0455,0,9075,0,9526,0,0014,-0,0400,-3,0476,2,7748
-0,0170,-0,2029,0,9652,0,9824,0,0335,0,0755,-2,7053,2,9094
-0,0281,-0,0370,0,9766,0,9882,-0,0159,-0,0242,-2,8538,3,0632
0,1092,0,0180,1,0288,1,0143,0,0435,0,0347,-3,0122,3,6054
-0,0406,-0,2005,0,9504,0,9749,-0,0348,-0,0307,-2,8762,2,7982
0,0082,0,3279,1,1257,1,0610,0,0059,0,0225,-3,4961,4,1129
0,2351,0,1276,1,0446,1,0221,-0,0180,-0,0573,-3,0394,3,6828
-0,0146,0,3258,0,9751,0,9875,-0,0348,0,0024,-3,3163,4,2107
-0,0445,0,0367,1,0393,1,0194,0,0259,0,0410,-4,2548,3,1912
0,0160,0,0128,1,0015,1,0007,-0,0437,-0,0112,-3,1742,3,0586
0,0275,-0,0075,1,0299,1,0149,-0,0219,0,0121,-3,3948,3,3006
0,2706,0,1627,1,0137,1,0068,-0,0765,-0,1470,-2,7461,3,6734
0,0484,-0,0410,0,9922,0,9961,-0,0605,-0,0928,-3,0326,3,2742
0,0586,0,0944,1,0042,1,0021,-0,0211,-0,0201,-3,5880,3,2269
-0,0992,0,1368,0,9658,0,9828,0,0106,0,0365,-3,9719,2,9656
0,0571,-0,1314,0,9422,0,9707,-0,0192,-0,0233,-2,9953,3,1444
0,0068,-0,1099,0,9634,0,9815,0,0178,0,0356,-2,7559,3,3463
0,0306,-0,0700,1,0208,1,0103,0,0264,0,0641,-3,0352,3,0481
-0,0016,0,0309,0,9718,0,9858,0,0732,0,0746,-3,7685,3,2988
-0,0113,-0,1559,1,0536,1,0264,0,0316,0,0058,-3,1352,3,3122
-0,0074,-0,1786,0,9721,0,9860,-0,0229,-0,0359,-3,4158,2,9131
-0,0296,0,0429,1,0152,1,0076,0,0140,0,0187,-3,3878,2,9898
0,0196,-0,2403,0,9648,0,9822,-0,0225,-0,0349,-2,9248,2,9905
-0,1320,-0,1326,1,0357,1,0177,-0,0230,0,0343,-3,1040,3,5949
0,2214,0,0359,0,9838,0,9919,-0,0168,-0,0549,-2,7590,3,5789
-0,0232,0,0347,1,0979,1,0478,0,0159,-0,0009,-3,6019,3,2753
0,1365,-0,0389,0,9171,0,9577,0,0109,0,0105,-3,0283,3,5777
-0,0025,-0,2067,0,9244,0,9614,0,0254,0,0151,-3,1312,3,0158
-0,0033,0,0535,1,0151,1,0075,-0,0373,-0,0261,-3,5071,3,1066
-0,0717,0,0436,1,0054,1,0027,0,0147,0,0061,-3,3562,3,2006
0,0207,0,0178,0,9785,0,9892,0,0317,0,0586,-2,7820,3,4625
-0,0042,-0,0133,0,9743,0,9870,-0,0236,-0,0044,-3,4928,2,9698
-0,0249,0,0111,0,9913,0,9956,0,0202,0,0160,-3,2618,3,1731
0,0777,0,0028,0,9896,0,9948,0,0476,-0,0007,-3,1938,3,4130
0,0121,-0,0249,1,0247,1,0123,-0,0157,-0,0463,-3,2997,3,5366
-0,0610,0,0030,0,9923,0,9962,-0,0135,0,0146,-3,0511,3,0860
0,0456,-0,0382,1,0669,1,0329,0,0308,0,0078,-2,8659,3,4523
-0,0031,-0,2635,0,9723,0,9860,0,0248,0,0611,-2,8921,2,8701
0,0273,-0,0521,1,0112,1,0056,-0,0007,-0,0315,-3,0115,3,2195
-0,0271,0,0692,1,0251,1,0125,0,0241,0,0200,-3,3663,3,4035
-0,0157,-0,0101,0,9454,0,9723,0,0137,-0,0169,-3,1811,3,0518
-0,0934,0,2754,0,9727,0,9862,0,0140,0,0052,-4,3717,3,0634
0,1250,-0,0417,1,0024,1,0012,-0,0209,-0,0741,-3,1490,3,6494
0,0612,0,1509,1,0052,1,0026,-0,0151,-0,0005,-3,7078,3,5702
0,1153,0,0705,1,0108,1,0054,0,0472,0,0197,-3,3442,3,3514
-0,0700,0,5014,0,9010,0,9492,0,0194,0,0660,-3,1223,4,1346
-0,0637,-0,0801,0,9478,0,9736,0,0603,0,0759,-2,8557,2,9973
0,0357,-0,0797,1,0402,1,0199,-0,0440,-0,0512,-3,2300,3,3878
0,0631,0,0096,0,9445,0,9719,-0,0072,-0,0438,-3,2824,3,1184
-0,0042,-0,0445,0,9088,0,9533,-0,0217,0,0013,-3,1783,2,8025
0,0888,-0,0505,0,9476,0,9734,0,0226,0,0305,-2,5527,3,0892
-0,0164,0,1439,0,9724,0,9861,0,0110,0,0154,-3,3140,4,1912
0,0135,0,0381,1,0430,1,0213,-0,0156,-0,0210,-3,2431,3,5122
0,1226,-0,0792,1,0430,1,0213,0,0145,-0,0359,-3,1739,3,2972
-0,0179,0,0795,0,9410,0,9701,0,0024,-0,0120,-4,1772,3,0259
-0,0670,0,0161,0,9860,0,9930,-0,0547,-0,0348,-3,2139,3,0602
-0,0319,-0,1318,0,9759,0,9879,-0,0033,-0,0113,-3,2143,2,9431
-0,0629,-0,1601,1,0594,1,0293,-0,0310,-0,0720,-3,4582,3,0463
-0,0454,0,0389,1,0057,1,0028,-0,0235,0,0274,-3,0788,3,0618
0,0526,0,0672,1,0239,1,0119,0,0068,-0,0092,-3,2923,3,0822
0,1682,0,0010,1,0191,1,0095,-0,0753,-0,1062,-3,2248,2,8834
-0,1554,0,3916,1,0596,1,0294,-0,0425,0,0006,-3,3211,3,0993
0,0181,-0,0190,1,0142,1,0071,0,0108,0,0134,-3,7544,3,4706
0,0379,-0,0176,1,0258,1,0128,-0,0345,-0,0612,-3,5241,3,0886
0,0814,0,0016,1,0205,1,0102,-0,0147,-0,0101,-3,4716,3,6183
0,0952,0,0308,1,0016,1,0008,-0,0170,-0,0265,-3,4596,3,0571
0,0644,-0,1330,0,9929,0,9965,-0,0422,-0,0717,-3,3337,3,2802
0,0148,-0,1670,1,0308,1,0153,-0,0725,-0,0690,-3,4361,3,2221
-0,0147,-0,0676,0,9884,0,9942,0,0342,0,0305,-2,8948,2,6888
-0,0956,0,1259,0,9141,0,9561,-0,0039,0,0486,-3,0143,3,0166
-0,0493,-0,2971,1,0473,1,0234,-0,0121,-0,0091,-3,0304,2,4822
0,0551,-0,0421,0,9273,0,9630,0,0521,0,0545,-2,7288,3,6114
-0,0114,0,1198,1,0391,1,0193,-0,0609,-0,0840,-4,1647,2,5330
-0,0765,-0,2257,1,0727,1,0357,0,0653,0,0826,-3,0559,2,9390
-0,0033,0,1395,0,9705,0,9851,-0,0291,-0,0333,-3,5641,3,3150
-0,0799,0,1348,0,9776,0,9887,0,0424,0,0740,-3,6930,3,1530
-0,0191,-0,1472,1,0922,1,0451,0,0463,-0,0103,-3,4097,2,8676
0,0727,0,1734,1,0566,1,0279,0,0320,0,0236,-2,9371,3,4038
0,1139,0,1817,0,9720,0,9859,-0,0208,-0,0364,-3,0657,3,7501
0,0318,-0,1630,1,0097,1,0048,0,0077,-0,0217,-3,1964,3,2064
-0,0524,-0,0877,1,0051,1,0025,0,0304,0,0631,-3,0969,2,8839
-0,0669,-0,1192,1,0637,1,0314,0,0002,-0,0132,-3,2898,3,3883
0,0324,-0,3748,0,8355,0,9140,0,0469,0,0534,-2,5634,2,6380
0,0070,0,1736,1,1002,1,0489,-0,0077,0,0143,-3,7182,3,2995
-0,1098,0,1346,0,9993,0,9997,0,0195,0,0165,-3,5466,3,2767
0,0263,-0,0905,1,0421,1,0208,0,0216,0,0333,-2,8917,3,1080
-0,0200,-0,1003,0,9612,0,9804,0,0098,0,0236,-3,1259,3,0465
0,0839,-0,1048,0,8866,0,9416,-0,0029,-0,0140,-2,9712,3,1334
-0,0034,-0,0298,0,9724,0,9861,0,0109,0,0194,-3,1810,2,9793
0,1295,0,0350,1,0156,1,0078,0,0078,-0,0097,-3,3203,3,5043
-0,0842,0,1633,1,0437,1,0216,0,0138,0,0519,-3,1464,3,1723
-0,0024,0,0555,0,9882,0,9941,0,0199,0,0229,-2,9593,3,3795
0,0059,0,1931,0,9624,0,9810,-0,0521,-0,0562,-3,4512,3,2565
0,0181,-0,1301,1,0381,1,0189,0,0353,0,0488,-3,1683,3,1604
-0,0275,0,0378,1,0225,1,0112,0,0258,0,0428,-3,6324,3,3626
-0,0139,0,1457,1,0398,1,0197,0,0379,0,0585,-3,4500,3,4846
-0,0051,0,0399,0,9990,0,9995,-0,0187,0,0008,-2,9098,3,1432
0,0009,0,1571,1,0613,1,0302,0,0090,-0,0427,-3,7509,3,3905
0,0642,-0,1538,0,9816,0,9908,-0,0323,-0,0775,-2,8800,3,0377
-0,1030,-0,0632,1,0346,1,0172,-0,0139,0,0150,-3,4184,2,9314
0,0528,-0,1030,0,9988,0,9994,0,0051,0,0328,-3,5713,2,9707
0,1456,0,1039,1,0425,1,0210,-0,0214,-0,0345,-2,9982,3,5414
-0,1396,0,2795,0,9656,0,9826,-0,0284,0,0196,-4,5409,3,5093
0,1186,0,0184,0,9443,0,9717,0,0295,0,0044,-3,0244,3,2975
-0,0991,0,0332,0,9256,0,9621,0,0023,0,0354,-3,0314,2,9149
-0,1248,0,1320,1,0056,1,0028,0,0137,0,0129,-3,6145,2,7407
-0,0828,0,0735,1,0067,1,0033,-0,0313,-0,0190,-3,3875,2,9603
0,0184,-0,1926,1,0770,1,0378,-0,0050,0,0049,-3,2257,3,2442
-0,0530,0,0365,1,0045,1,0022,0,0406,0,0263,-3,1137,3,3176
-0,0114,0,2501,0,9980,0,9990,-0,0363,-0,0424,-4,1585,3,4561
0,1442,0,5484,0,9555,0,9775,0,0264,-0,0151,-3,4157,3,5215
0,0351,-0,2441,1,0361,1,0179,0,0254,0,0344,-2,8867,3,1720
-0,0138,0,0005,0,9497,0,9745,0,0048,0,0169,-3,5717,2,8286
0,0829,-0,0070,0,9891,0,9945,0,0351,0,0168,-3,1787,3,0742
0,0775,0,0679,1,0544,1,0268,-0,0529,-0,0504,-3,6656,3,3299
-0,0329,0,5129,1,0389,1,0193,0,0603,0,0700,-5,1193,3,9513
0,0766,-0,0669,1,0167,1,0083,0,0871,0,0841,-2,6227,3,8146
0,1531,0,3084,1,0224,1,0112,-0,0157,-0,0136,-3,3358,3,5415
0,0572,0,0300,1,0854,1,0418,-0,0441,-0,0063,-3,1391,3,6024
0,1450,-0,1006,1,0647,1,0319,0,0398,0,0271,-3,0399,3,3328
-0,0510,-0,0101,0,9997,0,9998,0,0103,0,0068,-3,3824,3,1226
-0,1081,0,1195,1,0701,1,0345,-0,0687,-0,0631,-3,6995,3,2650
-0,0025,-0,0124,0,9834,0,9917,-0,0029,0,0148,-2,9772,3,7574
-0,0407,0,1828,0,9646,0,9821,-0,0384,-0,0363,-3,6384,3,6241
0,1532,-0,0774,0,9819,0,9909,-0,0010,-0,0863,-2,7848,3,2139
-0,0849,-0,0480,0,9697,0,9847,-0,0264,-0,0050,-3,2145,3,0699
-0,0025,-0,0083,0,9607,0,9802,0,0391,0,0207,-3,3029,3,1374
0,0330,-0,0570,0,9842,0,9921,-0,0036,0,0011,-3,1800,2,8199
-0,0165,-0,1934,1,0034,1,0017,-0,0386,-0,0453,-3,0673,2,8308
0,0302,-0,1485,0,9737,0,9867,-0,0450,-0,0714,-2,9588,2,8921
0,0747,-0,0396,1,0120,1,0060,0,0055,0,0196,-3,1823,3,4048
-0,0624,0,0028,0,9884,0,9942,0,0295,0,0449,-2,9563,3,2758
-0,1386,-0,2059,0,9879,0,9939,-0,0269,-0,0028,-3,1361,2,8308
0,1237,0,2096,1,0224,1,0112,0,0512,0,0369,-3,2937,3,9117
-0,1697,0,0211,1,0339,1,0168,0,0332,0,0474,-2,9828,3,3815
0,0481,-0,0413,0,9758,0,9878,0,0109,0,0005,-3,0637,3,3346
0,0003,0,0745,0,9773,0,9886,-0,0183,-0,0073,-3,0180,3,0564
0,1839,0,0557,0,8990,0,9482,-0,0123,-0,0244,-2,7649,3,5701
-0,0973,0,0096,0,9965,0,9982,0,0247,0,0288,-3,1813,3,4411
-0,0690,-0,0665,0,9679,0,9838,0,0023,0,0062,-3,3200,2,9177
-0,0658,-0,0454,1,0181,1,0090,-0,0126,0,0117,-3,6610,3,1176
0,0842,-0,0112,1,0331,1,0164,-0,0076,-0,0158,-3,0684,3,5057
-0,0157,0,0695,0,9347,0,9668,0,0016,0,0075,-3,4101,2,9482
0,0323,-0,1903,0,9183,0,9583,-0,0159,-0,0274,-3,0618,2,6996
0,1060,-0,1082,0,9642,0,9819,0,0209,0,0105,-3,0641,3,2149
-0,0189,-0,0656,1,0084,1,0042,-0,0357,-0,0291,-3,1029,3,9479
-0,1932,0,1934,1,0449,1,0222,0,0703,0,1059,-3,6136,3,4235
0,1050,-0,0443,1,0654,1,0322,-0,0404,-0,0394,-2,9069,3,4111
-0,0186,0,1238,1,0465,1,0230,-0,0200,-0,0103,-3,8931,3,7008
0,0409,0,0511,1,0128,1,0064,-0,0109,-0,0173,-3,1940,2,7227
-0,0551,-0,1690,0,9793,0,9896,0,0291,0,0298,-3,2601,2,9768
-0,0781,0,0148,0,9754,0,9876,0,0523,0,0711,-3,0809,3,4127
0,0127,-0,0290,1,0250,1,0124,-0,0522,-0,0832,-2,9822,3,3681
0,0895,0,0166,0,9725,0,9861,-0,0004,-0,0177,-2,9429,3,0291
-0,0037,-0,0453,1,0280,1,0139,0,0082,0,0131,-2,9503,3,2592
-0,0190,-0,1295,1,0056,1,0028,0,0528,0,0500,-3,1677,2,9221
0,0275,0,0030,0,9266,0,9626,0,0274,0,0582,-2,7207,3,1037
-0,0440,0,0255,1,0616,1,0303,0,0108,0,0343,-3,1278,3,8464
0,0651,-0,0210,1,0279,1,0139,0,0015,-0,0029,-3,0757,3,8373
0,0067,0,0764,1,0322,1,0160,0,0451,0,0603,-2,9246,4,1819
0,0917,-0,0107,0,9729,0,9864,-0,0235,-0,0431,-2,9938,3,0526
0,0971,-0,0050,0,9817,0,9908,0,0271,0,0071,-2,8519,3,8244
0,1354,-0,0497,1,0252,1,0125,-0,0326,-0,0563,-3,4318,3,4541
-0,0298,0,1227,0,9371,0,9681,-0,0362,-0,0316,-3,1582,3,3397
0,1047,0,0915,0,9882,0,9941,-0,0280,-0,0379,-3,2506,3,4167
-0,1172,0,1119,1,0409,1,0202,-0,0457,-0,0262,-4,1544,3,2950
-0,1075,0,1703,0,9996,0,9998,0,0217,0,0062,-3,6823,3,7620
-0,0321,-0,2419,0,9694,0,9846,0,0084,0,0159,-2,9264,3,0703
-0,1478,0,1577,1,0427,1,0211,-0,0403,-0,0499,-3,7189,3,2072
-0,0480,-0,0104,0,9410,0,9700,-0,0157,-0,0452,-3,9073,3,0984
0,0945,-0,0924,0,9773,0,9886,0,0272,0,0287,-2,6102,3,4231
0,0126,0,0217,1,0257,1,0128,-0,0369,-0,0145,-2,9242,2,9691
0,0605,0,2239,1,0353,1,0175,0,0020,-0,0479,-3,4905,3,7127
0,0585,0,0832,0,9542,0,9768,-0,0475,-0,0701,-3,4270,2,9372
-0,1317,0,1598,0,9431,0,9711,-0,0028,0,0577,-3,5557,3,4737
-0,1007,0,5050,1,0543,1,0268,-0,0530,-0,0335,-4,1146,3,5883
0,0251,-0,0890,1,0616,1,0303,0,0450,0,0403,-3,0731,3,6438
-0,0029,-0,1278,1,0627,1,0309,-0,0440,-0,0540,-3,8019,2,7710
0,0737,0,0601,1,0651,1,0320,0,0120,-0,0170,-3,5054,3,7687
-0,0493,-0,0669,0,9713,0,9856,-0,0106,-0,0135,-2,9199,2,8934
0,0782,-0,0608,1,0178,1,0089,-0,0194,-0,0199,-3,5242,3,6141
-0,0819,0,1255,0,9683,0,9840,-0,0122,0,0005,-3,7985,2,7947
0,0663,0,0878,1,0227,1,0113,-0,0096,-0,0063,-3,5848,3,5577
-0,0797,-0,0596,0,9209,0,9596,-0,0181,0,0095,-3,2645,2,8325
0,0910,0,4119,0,9727,0,9863,-0,0388,-0,0587,-3,2362,4,4127
0,1822,-0,2333,1,0958,1,0468,-0,0074,-0,0565,-2,8371,2,9189
-0,0190,0,0908,0,9633,0,9815,0,0417,0,0708,-2,8369,3,1776
0,0611,0,0708,0,9793,0,9896,-0,0232,0,0117,-3,2466,3,3961
-0,0320,-0,0930,1,0339,1,0168,0,0074,0,0246,-2,9823,3,0903
-0,1181,-0,0675,1,1009,1,0492,0,0688,0,1139,-3,2376,3,5303
0,1232,-0,0456,0,9594,0,9795,-0,0049,-0,0007,-2,8680,3,0466
-0,0258,-0,1616,0,9980,0,9990,0,0179,0,0241,-2,8200,2,9597
-0,0497,0,0324,1,0545,1,0269,0,0463,0,0566,-3,5313,3,2162
0,0189,-0,0222,1,0213,1,0106,-0,0185,-0,0342,-3,1630,2,9221
-0,0076,0,0400,0,9862,0,9931,0,0078,0,0054,-3,2025,3,5213
0,0206,0,0511,0,9384,0,9687,-0,0175,-0,0280,-4,0187,3,1089
0,0755,-0,0361,0,9881,0,9940,0,0281,-0,0004,-3,2596,3,0148
0,0642,0,1675,0,9943,0,9971,-0,0213,-0,0256,-3,5862,3,1056
0,0168,-0,1402,1,1136,1,0553,-0,0268,-0,0451,-3,0276,3,2331
0,1221,-0,0263,0,9117,0,9548,0,0070,-0,0350,-2,9732,2,7708
-0,0443,-0,1717,1,0972,1,0475,-0,0142,0,0024,-3,1152,2,7998
-0,0368,0,1516,0,9713,0,9855,0,0535,0,0575,-3,5165,3,2300
-0,0417,-0,3895,0,9858,0,9929,-0,0170,-0,0137,-2,8322,2,6692
-0,0274,-0,0409,1,0301,1,0149,-0,0008,-0,0059,-3,4745,3,2444
0,0526,0,0281,1,0307,1,0152,-0,0069,-0,0114,-3,1127,3,4947
0,0069,0,1233,0,9670,0,9833,-0,0463,-0,0439,-3,6009,2,8095
-0,0647,-0,0958,0,9844,0,9922,-0,0254,0,0202,-3,3935,3,3935
0,0288,0,0005,1,0570,1,0281,-0,0666,-0,0486,-3,4329,3,3533
0,0863,0,0515,1,0450,1,0222,-0,0258,-0,0389,-3,3412,4,1838
-0,0716,0,1985,1,0130,1,0065,0,0105,0,0365,-3,3437,3,2370
0,0373,0,0344,1,0615,1,0303,-0,0274,-0,0024,-3,3958,4,0087
-0,0497,0,1205,0,9438,0,9715,0,0411,0,0680,-3,5750,2,9427
-0,1284,0,0838,0,9691,0,9845,-0,0051,0,0370,-3,2889,3,1932
0,0220,-0,2886,1,0814,1,0399,0,0186,-0,0029,-2,9030,2,9056
-0,0762,-0,1302,0,9377,0,9683,-0,0448,-0,0310,-3,4284,2,6468
0,0318,0,1812,1,0498,1,0246,0,0173,-0,0038,-3,9142,3,4022
-0,1247,-0,0657,0,9422,0,9707,-0,0125,-0,0043,-2,9023,2,6951
0,0508,-0,0355,0,9981,0,9990,0,1040,0,0982,-3,1995,3,5250
-0,0128,-0,0193,1,0651,1,0320,0,0460,0,0484,-3,3001,3,1838
-0,0484,-0,1234,0,9797,0,9898,-0,0203,-0,0011,-2,8817,3,1425
0,0699,0,0036,1,0162,1,0081,-0,0708,-0,0643,-3,2093,3,9162
-0,0694,-0,1583,1,0229,1,0114,-0,0259,-0,0031,-2,8391,3,1671
-0,1172,0,1188,1,0072,1,0036,-0,0134,0,0087,-3,1048,3,1662
-0,0334,0,0560,1,0395,1,0196,-0,0202,0,0193,-3,0933,3,0507
-0,1030,-0,2475,1,0378,1,0187,-0,0422,0,0121,-3,0397,2,6820
0,0363,-0,0408,1,0542,1,0267,-0,0064,-0,0257,-3,0008,3,4367
-0,0535,-0,1389,0,9576,0,9786,-0,0364,-0,0279,-3,3352,3,2737
0,1260,0,0887,1,0916,1,0448,-0,0795,-0,1182,-3,0883,4,2144
0,0119,0,1416,1,0538,1,0266,0,0973,0,0641,-3,3868,3,4213
-0,0642,-0,0620,0,9443,0,9718,0,0364,0,0331,-3,2869,3,2019
0,0380,-0,2255,1,0178,1,0089,-0,0090,0,0074,-2,8338,2,9338
-0,1417,-0,1071,0,9988,0,9994,-0,0278,-0,0339,-3,5535,2,8568
-0,0622,0,3119,1,0107,1,0053,0,0290,0,0505,-3,5556,3,6936
-0,0480,-0,0567,0,9661,0,9829,-0,0374,-0,0352,-3,4508,3,1835
0,0874,-0,0644,0,9429,0,9710,0,0223,-0,0010,-3,0615,3,8081
0,0502,-0,0482,1,0175,1,0087,-0,0387,-0,0589,-3,7459,2,9627
0,1420,0,0070,1,0007,1,0004,-0,0159,-0,0595,-2,7638,3,3978
0,0456,0,0089,1,0877,1,0429,-0,0131,-0,0063,-3,1913,3,5676
0,1356,-0,0510,1,0171,1,0085,0,0544,0,0279,-3,1780,3,2502
0,0047,-0,1147,1,0209,1,0104,0,0378,0,0694,-2,8174,3,0727
-0,1000,-0,0580,0,9579,0,9787,0,0034,0,0408,-3,2928,3,6243
0,0677,0,0963,1,0793,1,0389,-0,0437,-0,0769,-3,2296,3,6296
0,0289,-0,0040,0,9574,0,9785,-0,0381,-0,0414,-2,7657,3,2904
0,1018,0,1407,1,0353,1,0175,0,0010,-0,0085,-2,8859,3,5343
0,0625,0,0445,1,0269,1,0134,-0,0060,-0,0106,-3,2630,3,1450
-0,0623,-0,1022,1,0236,1,0117,-0,0115,-0,0232,-3,0351,3,1751
0,0561,-0,1509,1,0560,1,0276,0,0257,-0,0092,-3,1676,2,9982
0,0689,-0,0635,1,0603,1,0297,-0,0148,-0,0395,-3,0737,3,9751
-0,0033,-0,3474,0,9538,0,9766,-0,0071,-0,0355,-2,4759,2,7455
0,0311,-0,2806,0,9283,0,9635,0,0075,-0,0259,-2,8114,2,7835
-0,1195,-0,1024,1,0467,1,0231,-0,0283,-0,0084,-3,4293,2,7404
0,0037,-0,0646,0,9799,0,9899,-0,0585,-0,0277,-2,7928,3,1927
0,0720,-0,2269,1,0412,1,0204,-0,0189,-0,0409,-2,6645,2,9257
-0,0860,0,1777,0,9813,0,9906,0,0381,0,0275,-3,8058,3,4424
-0,0331,0,1611,0,9853,0,9926,-0,0212,-0,0026,-3,7933,3,5237
0,0515,-0,0237,0,9209,0,9596,0,0219,0,0322,-2,7487,3,8862
0,1047,-0,0068,0,9982,0,9991,-0,0083,-0,0364,-2,9172,3,1652
0,0452,0,0408,1,0588,1,0290,0,0447,-0,0076,-3,4544,3,7046
-0,0288,-0,1991,0,9745,0,9871,0,0312,0,0792,-2,7685,3,4228
0,1390,0,2939,0,9937,0,9969,-0,0314,-0,0160,-3,2888,3,6124
0,0085,0,3080,1,0415,1,0205,-0,0334,0,0071,-3,2120,4,6325
-0,0240,0,0163,1,0441,1,0218,-0,0658,-0,0509,-3,2979,3,8213
0,1172,0,0907,1,0199,1,0099,0,0304,-0,0143,-2,8862,3,4007
-0,0533,0,1079,1,0230,1,0114,0,0689,0,0649,-3,2544,3,2789
-0,0954,0,1688,1,0374,1,0185,-0,0565,-0,0594,-3,9154,3,3325
0,0893,0,0095,0,9517,0,9755,0,0249,0,0054,-3,0424,3,7584
0,0643,0,2898,0,9763,0,9881,-0,0156,-0,0457,-3,6731,3,3822
-0,0044,0,3994,1,0292,1,0145,0,0664,0,0579,-3,4412,3,7896
0,0864,0,1525,0,9913,0,9957,0,0110,-0,0133,-3,0391,3,1474
0,0005,-0,0631,1,0025,1,0012,0,0281,0,0110,-3,1889,3,3402
-0,0778,-0,0130,1,0241,1,0120,0,0013,0,0311,-3,9715,3,2640
0,0281,0,1581,0,9979,0,9990,0,0044,0,0040,-3,3786,3,6721
-0,0169,-0,0046,1,0447,1,0221,-0,0054,-0,0168,-3,3571,3,1398
0,0238,0,1260,1,0348,1,0173,-0,0536,-0,0853,-3,3649,3,7305
0,0199,-0,3131,1,1028,1,0501,0,0069,-0,0294,-3,1410,3,3517
-0,0462,0,4154,0,9781,0,9890,-0,0320,-0,0586,-4,1939,3,3030
0,1345,-0,1090,0,9468,0,9730,-0,0076,-0,0137,-3,1767,3,6913
-0,1350,-0,2475,1,0008,1,0004,-0,0587,0,0070,-2,9822,3,3659
-0,0870,0,0944,1,0254,1,0126,0,0098,0,0452,-3,1433,3,2109
-0,0717,-0,2023,0,9932,0,9966,-0,0233,-0,0355,-3,1278,3,0278
0,1206,0,0802,1,0008,1,0004,0,0213,0,0264,-2,6585,3,9205
0,0557,-0,0142,1,0446,1,0221,-0,0066,-0,0234,-3,0707,3,5808
-0,0299,0,0052,0,9421,0,9706,-0,0124,-0,0301,-3,0835,3,6281
0,0000,0,1134,0,9459,0,9726,0,0199,0,0078,-3,5400,3,2537
0,0691,-0,0629,0,9488,0,9741,-0,0170,0,0008,-2,8441,3,3531
0,0933,-0,3494,0,9909,0,9954,0,0084,-0,0124,-2,4520,3,2181
-0,0119,-0,0158,1,0237,1,0118,-0,0182,-0,0615,-3,2494,2,8907
-0,0914,-0,0585,0,9407,0,9699,0,0188,0,0170,-3,3606,2,6681
0,0266,-0,2384,0,9047,0,9512,0,0040,-0,0055,-2,8259,3,0203
-0,0348,-0,1195,0,9899,0,9949,0,0146,-0,0082,-3,2111,3,2470
-0,0948,0,1959,1,0391,1,0194,-0,0041,0,0067,-3,4019,3,2584
-0,0038,-0,2267,0,9364,0,9677,-0,0098,-0,0132,-3,3664,2,9508
0,1559,0,1703,1,0640,1,0315,0,0555,0,0332,-2,7602,3,5795
0,0104,-0,1472,0,9953,0,9977,-0,0014,0,0042,-3,5377,2,8560
0,1264,0,0219,1,0309,1,0153,0,0384,0,0445,-2,8971,3,5456
-0,0663,0,1532,0,9869,0,9934,0,0337,0,0920,-3,1319,3,7374
-0,0111,-0,2187,0,9196,0,9589,0,0149,-0,0077,-3,0696,2,9025
-0,0231,-0,2311,1,0152,1,0076,-0,0202,0,0218,-3,5863,2,8817
0,0664,-0,0004,1,0058,1,0029,-0,0394,-0,0568,-3,3536,3,2697
0,0851,0,0332,0,9605,0,9801,-0,0306,-0,0307,-2,8104,3,5411
-0,0670,-0,2999,1,0225,1,0112,-0,0342,-0,0363,-2,8899,2,7230
-0,0433,0,0958,0,9977,0,9988,0,0682,0,0615,-3,2024,3,6977
-0,0477,-0,0802,1,0319,1,0158,-0,0305,-0,0268,-3,5771,3,3488
0,0048,-0,0717,1,0202,1,0101,-0,0008,-0,0098,-3,2371,3,0733
-0,0109,-0,1108,1,0008,1,0004,0,0345,0,0301,-3,3849,2,9604
0,0695,0,1162,1,0547,1,0270,0,0256,0,0162,-3,2056,4,1516
0,0789,-0,1048,1,0018,1,0009,0,0241,-0,0005,-2,9996,3,3456
0,0659,0,3053,0,9623,0,9810,-0,0232,-0,0348,-2,8773,3,8533
-0,1810,0,0268,0,9812,0,9905,0,0467,0,0687,-3,1705,2,7490
0,0303,0,1872,1,0754,1,0370,0,0235,0,0349,-4,4129,3,5691
-0,0761,-0,0888,0,9896,0,9948,-0,0177,0,0004,-3,4951,3,1792
-0,0218,-0,1244,0,9408,0,9699,-0,0617,-0,0979,-3,0830,2,6775
0,0600,-0,1531,0,9646,0,9821,-0,0448,-0,0590,-2,8194,3,5895
-0,0021,-0,0671,0,9610,0,9803,0,0283,0,0291,-3,6846,2,6370
0,1181,0,2808,0,9546,0,9771,0,0366,0,0565,-3,0394,3,8467
0,0396,-0,1173,0,9631,0,9814,0,0344,-0,0233,-3,1730,2,8563
0,1103,-0,1796,1,0671,1,0330,-0,0430,-0,1120,-3,2236,3,1208
0,0112,-0,0070,1,0128,1,0064,0,0032,0,0149,-3,2174,3,2431
0,1078,-0,0647,0,9755,0,9877,0,0471,0,0241,-3,0041,3,5869
0,0574,-0,1411,0,9422,0,9707,-0,0293,-0,0397,-2,7436,3,2090
0,0511,-0,0787,0,9654,0,9825,0,0088,-0,0162,-3,1469,2,9573
0,1013,-0,0827,1,0646,1,0318,-0,0038,0,0121,-3,1016,3,5558
0,0330,0,0469,1,0526,1,0260,-0,0624,-0,0499,-3,0312,3,5626
0,0247,-0,2315,1,0708,1,0348,-0,0066,-0,0154,-2,9353,3,8117
-0,0422,-0,4108,0,9473,0,9733,0,0253,0,0967,-2,1534,2,2827
-0,0346,0,3073,0,8508,0,9224,0,0094,0,0007,-2,4503,2,4139
0,0663,-0,4690,1,0459,1,0227,-0,0599,-0,0346,-2,4606,2,2382
0,2094,-0,4252,0,8317,0,9120,0,0252,0,0295,-1,9458,2,2620
-0,2618,-0,0149,0,9787,0,9893,-0,0406,-0,0177,-3,0320,2,2557
-0,1401,-0,1448,0,8468,0,9202,-0,3081,-0,2987,-2,8044,1,8627
0,2285,0,1775,0,9471,0,9732,-0,0415,-0,2459,-2,8872,2,7011
-0,0137,-0,2819,1,3315,1,1539,0,0363,0,0680,-2,6354,3,3224
-0,1310,-0,1059,1,0539,1,0266,-0,0160,0,0589,-2,6541,2,7947
0,4865,1,2596,1,5206,1,2331,-0,0116,-0,1998,-3,2795,4,3488
0,0161,-0,1315,0,8365,0,9146,-0,1086,-0,0703,-2,2499,2,4859
-0,0929,0,3310,0,9959,0,9980,0,0674,0,0452,-3,0924,2,7109
0,3507,-0,5098,0,9285,0,9636,0,0466,-0,0315,-2,0302,2,3552
-0,1708,0,2034,1,0691,1,0340,0,0649,0,1131,-2,8488,2,7319
-0,0787,-0,5823,0,9860,0,9930,-0,0577,-0,0099,-2,3648,2,5087
-0,3118,-0,0480,0,9059,0,9518,-0,1138,-0,1206,-2,6544,1,7196
-0,4817,0,4577,0,9711,0,9854,-0,0728,-0,0141,-2,9998,1,8222
-0,3776,-0,2930,0,9220,0,9602,-0,0338,0,0405,-2,2878,1,9811
-0,2059,0,6478,0,9762,0,9880,0,1969,0,2699,-2,8452,2,9354
-0,3695,-0,0644,1,0108,1,0054,0,0725,0,0275,-2,8666,2,1432
0,2776,0,0696,1,0156,1,0078,0,0339,-0,1316,-2,7399,2,4940
-0,0878,1,0516,1,0971,1,0474,-0,1514,-0,1044,-3,2962,3,3621
-0,1610,-0,3917,0,9034,0,9505,-0,1306,-0,1833,-2,4903,1,9093
0,3097,-0,2384,1,0012,1,0006,-0,0027,-0,0754,-2,0193,2,8313
0,1999,0,5059,0,9094,0,9536,-0,0297,-0,0712,-2,2123,2,7727
0,0276,-0,2750,0,8603,0,9275,0,0583,0,0373,-1,9830,2,3892
-0,0431,-0,6229,0,8408,0,9169,0,0893,0,1923,-1,8343,2,1828
0,2126,-0,5221,1,2081,1,0991,-0,1041,-0,1979,-2,4668,2,5488
0,0040,0,0093,0,9229,0,9607,-0,0587,-0,0273,-2,3983,2,3786
-0,1665,0,1068,1,1571,1,0757,0,0473,-0,0302,-3,0397,2,5314
-0,2412,0,3700,0,9327,0,9658,0,0195,0,0183,-2,9621,2,3509
-0,2504,0,1127,1,0744,1,0365,-0,0585,0,0108,-2,5490,2,4690
-0,0766,0,6055,1,0114,1,0057,0,0674,0,0258,-3,0103,2,5200
-0,0267,-0,4213,1,0322,1,0160,-0,0398,-0,0162,-2,2837,2,4687
-0,0100,0,4169,0,9819,0,9909,-0,2369,-0,1993,-2,8344,2,1159
-0,2277,-0,3743,0,9944,0,9972,-0,0828,-0,0398,-2,5366,1,8054
-0,3685,1,1267,0,8747,0,9352,-0,0514,-0,0113,-3,3345,2,3967
0,0143,-0,5929,0,9502,0,9748,0,2610,0,1830,-1,8943,2,2753
0,1756,0,1000,1,0670,1,0330,0,1152,0,1560,-2,2176,3,2652
-0,1790,-0,4369,0,9045,0,9511,-0,0102,-0,0015,-2,3093,1,9080
-0,1962,-0,2758,1,0582,1,0287,0,0138,0,0446,-2,7183,2,4416
-0,0318,-0,2281,0,9663,0,9830,0,0322,0,0486,-2,4913,2,4995
0,4234,-0,3068,0,9436,0,9714,0,0449,-0,0249,-1,8420,2,3534
-0,2491,0,6619,1,2251,1,1068,0,0849,0,0585,-3,2000,2,9558
0,9716,3,5876,0,9185,0,9584,0,1188,0,0518,-1,9967,4,5075
-0,1766,-0,4349,0,9059,0,9518,0,0705,0,0539,-2,5897,1,7976
0,0259,-0,6366,1,0834,1,0408,-0,0741,-0,1123,-2,2449,2,0102
0,0570,-0,6290,1,0895,1,0438,-0,1722,-0,1280,-2,5598,2,1923
-0,4690,0,4981,1,1852,1,0887,0,2542,0,2754,-3,0962,2,6013
0,2041,0,5441,0,7180,0,8473,0,1761,0,1682,-2,0129,3,0716
-0,2912,-0,3376,0,9115,0,9547,-0,0942,-0,2014,-2,7272,1,5939
0,0754,0,3197,0,8775,0,9368,-0,0720,-0,0804,-2,7706,2,6828
-0,2518,0,0080,0,8578,0,9262,-0,1683,-0,1350,-2,7864,2,1873
0,0754,0,5940,1,0145,1,0072,0,0264,-0,0429,-2,5479,2,9639
-0,1549,-0,5802,1,1986,1,0948,-0,0180,-0,0011,-2,3065,2,2071
-0,0176,-0,2651,0,8940,0,9455,-0,0535,-0,1345,-2,7625,2,1648
-0,2806,0,0633,1,0404,1,0200,0,1439,0,2391,-2,9763,2,4651
0,2955,0,3172,1,0170,1,0084,-0,0076,0,0708,-2,1308,2,7285
0,3178,0,2683,0,9661,0,9829,-0,1684,-0,3043,-2,4989,2,4245
0,0833,-0,1096,0,9841,0,9920,0,1274,0,0955,-2,2147,2,6191
0,2399,0,8474,1,1570,1,0757,-0,1089,-0,2709,-3,2072,3,6809
-0,0886,0,4155,0,9093,0,9536,-0,0771,-0,1095,-2,6466,2,2619
-0,1219,0,2312,0,9561,0,9778,-0,1100,-0,1274,-3,1954,2,0169
0,2132,-0,3001,0,9015,0,9495,0,0091,-0,0450,-2,1470,2,2429
-0,1273,0,5681,0,9983,0,9992,-0,1590,-0,2036,-3,6145,2,3571
0,0441,-0,3221,1,0319,1,0158,-0,0197,-0,0324,-2,6108,2,6553
-0,0455,1,1079,1,0756,1,0371,-0,0216,-0,0282,-3,6335,2,6619
0,0128,-0,4001,1,0451,1,0223,-0,1502,-0,1222,-2,7577,2,2074
0,0419,-0,1594,0,8195,0,9053,-0,0571,0,0062,-2,4001,1,9476
-0,0315,-0,2354,0,8681,0,9317,-0,0183,0,0243,-2,2866,2,5188
0,0317,-0,5659,1,0854,1,0418,-0,1442,-0,1203,-2,3820,2,3125
-0,2611,-0,1421,0,8110,0,9005,-0,2415,-0,2354,-2,8058,1,6851
0,0666,0,5938,0,7704,0,8778,0,0497,0,0975,-2,1264,2,7322
0,3635,-0,5806,1,3395,1,1574,0,0651,0,1054,-1,9252,2,8395
0,2304,0,7311,1,0613,1,0302,0,1417,0,1866,-2,3814,3,5764
0,1848,-0,2877,0,8988,0,9480,-0,0398,-0,0423,-2,3880,2,2869
0,5405,1,7419,1,2427,1,1148,-0,1690,-0,2049,-2,5449,4,2361
0,3001,0,0335,0,9223,0,9604,0,0721,0,0251,-1,9746,2,7890
-0,0538,-0,1247,1,0030,1,0015,-0,1590,-0,1180,-2,7899,2,1033
-0,3053,-0,1300,0,9865,0,9932,0,0063,0,0618,-2,9786,1,9417
0,0523,-0,4196,1,0897,1,0439,-0,0120,-0,1354,-2,5244,2,4323
0,3356,-0,0307,1,0495,1,0245,-0,0070,-0,0312,-2,0894,3,3385
0,2517,-0,4101,0,8656,0,9304,-0,0987,-0,1151,-2,0217,2,0946
0,3420,-0,2486,0,9764,0,9881,0,0438,-0,1922,-2,3022,2,4067
-0,0454,-0,7844,1,0453,1,0224,0,0636,0,0786,-2,1238,2,3709
0,0354,0,2726,0,7977,0,8931,-0,0722,-0,0533,-2,2226,2,2343
-0,4765,0,4226,0,7223,0,8499,-0,0366,0,0791,-2,9006,1,8295
-0,1446,0,0136,0,8364,0,9145,-0,0560,0,0210,-2,4169,2,5032
0,0123,-0,0883,0,8720,0,9338,0,0824,0,1038,-2,5595,2,5179
0,0906,0,0031,1,1700,1,0816,-0,0557,-0,1021,-2,9012,2,6106
-0,0146,-0,5455,0,8888,0,9427,-0,0823,-0,0848,-2,3727,1,9834
-0,2961,-0,5734,1,1293,1,0627,0,0050,0,0159,-2,4258,2,5883
-0,1936,-0,2672,0,9276,0,9631,-0,1472,-0,0078,-2,3463,1,8607
-0,0157,-0,4590,1,0557,1,0275,-0,0286,-0,0211,-2,3345,2,3240
0,0599,0,1565,1,0334,1,0166,-0,0368,-0,0196,-2,5515,2,6114
-0,1097,-0,6283,0,8328,0,9126,-0,0098,0,0899,-2,2040,1,8795
0,1953,0,0171,0,8953,0,9462,-0,0113,-0,0429,-2,2079,2,8201
0,1677,-0,3283,1,1224,1,0594,-0,0575,-0,1654,-2,7405,2,8416
0,2822,-0,1465,1,1359,1,0658,0,0981,-0,1096,-2,5615,2,9417
0,3272,0,1160,0,8639,0,9295,-0,0747,-0,0674,-1,9214,2,5455
-0,1081,-0,3848,1,0049,1,0024,0,0969,0,1461,-2,3910,2,5944
-0,4328,0,0846,1,0632,1,0311,-0,2683,-0,1464,-3,1117,1,9158
0,2287,0,6198,0,8941,0,9456,0,3143,0,3069,-2,4432,3,3561
-0,3011,0,0878,1,0423,1,0209,-0,0458,-0,0072,-3,4509,1,9308
-0,1266,0,0308,1,0498,1,0246,0,0431,0,1163,-2,9692,2,6769
0,0925,-0,1928,0,8181,0,9045,-0,0687,-0,1313,-2,2834,1,8359
0,0676,-0,4604,0,7911,0,8894,-0,0555,0,0386,-2,0330,2,0193
0,2108,-0,2948,1,1382,1,0669,0,0245,-0,0940,-2,2463,2,7833
-0,1562,-0,2082,0,9977,0,9989,0,0839,0,1518,-2,0235,2,5103
0,4008,-0,0084,0,9050,0,9513,0,1070,0,0356,-1,9127,2,5966
0,1384,0,3029,0,9987,0,9993,-0,0189,-0,0418,-2,1826,2,9015
0,3837,0,3355,1,2064,1,0984,0,0258,-0,0104,-3,0154,3,3348
-0,3426,-0,4127,0,7667,0,8756,0,0464,0,1197,-2,0382,2,0776
0,2101,1,2430,1,2438,1,1153,-0,1874,-0,0809,-2,8431,3,4275
0,0817,-0,2137,1,1711,1,0822,-0,1275,-0,1620,-2,7504,2,6568
-0,2362,-0,6739,1,2711,1,1274,0,0763,0,3146,-2,3151,2,3470
-0,0245,-0,1906,0,9961,0,9980,-0,0780,-0,0615,-2,2328,2,4147
-0,0957,-0,4212,1,2258,1,1071,0,0697,-0,0468,-2,7336,2,4367
-0,0500,0,2137,1,1339,1,0648,-0,0053,-0,0312,-3,2566,2,8835
0,1630,-0,1585,0,9080,0,9529,0,1028,0,1313,-1,9498,2,7676
0,0263,-0,4392,0,8110,0,9005,0,1562,0,1573,-1,9833,2,1739
0,0756,0,1344,1,1434,1,0693,0,1906,0,2157,-2,8560,2,8369
-0,0558,-0,1141,0,7541,0,8684,0,0307,-0,0036,-2,1342,1,8111
0,0148,0,4452,0,9249,0,9617,0,1344,0,1324,-2,7246,2,5782
0,0970,0,0833,0,9090,0,9534,-0,0552,-0,1226,-2,2386,2,1871
0,0164,-0,2783,0,9967,0,9984,0,1494,0,1112,-2,3078,2,7809
0,1391,0,3076,0,9127,0,9553,0,0282,0,0532,-2,4663,2,9064
